----------------------------------------------
                 Case 0                    
----------------------------------------------
K:  24 M:   4 N:  4
A: 
   126    120     94     83    230    115     67      3    109      6    168    146    207    217    243    118     19     33    130    205    121     85     19    122 
   176     88     11    181     48    252    248    218    227    248     84    189    235    190    160     48    124     98     34    100    211     74     83      2 
   235    105     10    164     88    123    187    182     92     31    144     41    185    232    191     93     14    158    154    101     68     24     54    254 
    26     51    254     33    160     40     15    247    152    224     10    177    119    174    145     75    208    221     56    214     83     18     46     38 

B: 
   172    221    193    129 
    20    224     89    181 
    31     96    243     48 
   148    121    127    223 
   215     51    168    130 
   141    119     65    251 
   101     33     57    173 
    10      0    219     99 
    71     89    131    166 
    10     66     37     36 
   147    248    148    253 
    39    226     53     85 
   215    183    243    153 
   113     66     20    191 
   191    120    244    177 
   106    105    186     26 
   165     39     71    244 
   109    200     43    153 
    29    111    100     71 
   147     54     12     20 
    68     60    189     14 
   141    134     67    205 
    19     88    147    171 
    98     79    194     83 

C: 
351035 342730 375209 379578 
351583 365735 399061 481388 
338782 345427 397509 420933 
268843 272818 344152 328644 

