----------------------------------------------
                 Case 0                    
----------------------------------------------
K:  20 M:  19 N: 14
A: 
   108     22      7    175    253    209    136    118    227    143    222    132     49    178     77     52    197    184    121     95 
   213    221    102    224    193    218    124     47     76    156    196     37    149    100    173    131    176    207      2     94 
   210    120    138    157     61     11    122    203    113    150    226     68    177    216     86    210     17    197    136     68 
   234     62     65     86    104    169    252    246    216    192    241    232    148    107    165    148    188    170    148     90 
   177     45     12    187    135    239     13     58    120      5    188    191    215     43    156    254     13     94     54     22 
   124     58     91    160    100     64     55    141    126    201    151    246    205    243    202    180     89     37      1    112 
    70    127    197     56    168    126    133     70    231    192    155     51     45    170    120    165     46      2     11    243 
   185    126     52     34    199     84     32    249    105      8    152    222     45     28    210    109    193    142    194    154 
   198    147    105     89     50    217    250     14     17    110    220    117     57     80    107    159     78    142    147    232 
   142    168    207     59    190    237    110    201    101    176     20    212     46     42     65    158    134    120     74    243 
   197    214    206    141     15    132    177    155     60    172     47    164     98     64    217    249    204    199    191    103 
    50    138    124    139     34    133    121    166     30     40    142    223    129     85    248     28    175    156    182    195 
    64    218    170    123    143     23    129     78    230    157    122    179    226     90    201     65     41    157    247     43 
   204     97     33     19     16    148    207    141     66     74     97    188    244    221    253      6    252    186    150    249 
   180    114    188     85     58    141    196     34     45     33    211    201    117    110     55    114    196    224     49    161 
   156    124    124     13    140     24     83    124    117    233    140    142    159    182    248    232    218    184    153    141 
   125    225    230    230    122    241    191    223     38    106    193     84    115     61    140    176    166    131    254     44 
    69    113    113    111     38    194    197     81     35     16     81     38    199    140    115     47    215     59    130    161 
    22     52    240    104     65    164    109    182    220    134     57    239    215    139      3     78    147    173    246    223 

B: 
   195     64    147    236     24     15    176     45    118      8     34    102    154     96 
    64    107    138     16     60     89    125     61     47      2     54    250    218     42 
   171    234     10    184     89      3    227    171    209    173    141    150     93     52 
   177     34     87      0    132    226    182      1    227     19      7     24    137    135 
     4     21    124    247    177     79    152    124    107    152     67     95    119    220 
    56    227     96    192      3     50      9    218     38    134    210     62     12    193 
   101     87    199    121     21     15    251     27    175    159     15     58     70    179 
   175      1    228    169     60    141    142    128    192     69    115     13    218     43 
    15    101    150     21    168     16    224    227    187     53    157    180     94     77 
   140    161    248    178     22     74    196    251    165    151    187    134      1     70 
   158     40    192      6    156     47     43    171     58    254    166    240     69     50 
   179     13     64    162     62    129     28    206    112    213    121    205    240     37 
   146    105     21     16     52     59    104     27     37    194    131    229      0    158 
    25     46    125     38     62    245    156    134     74     54    143    246    194    233 
   180     50     81    165    251    141    119    140    139    242    237    198    236     25 
    46    102    117    187     83     48     84    251    145    209    214     30    171     83 
    94     89    187     25    147     64     14    135     15     64    209    208     45    209 
    33    170    226    253      3    233    225    177     96     78     11    162     48    146 
   252     59    189    180    112    152    175      1     80    241     25    142    157     19 
   190    210    170     59    157    150    254    207    185    230    124    172    247     54 

C: 
284859 236495 413239 327921 262282 281916 374402 383816 311241 346391 317979 384664 304147 335092 
310228 287219 393678 343483 256046 273044 391147 373481 318827 343867 332840 410014 319384 336126 
330972 235540 390763 327823 223184 281280 412626 345569 336341 349029 294233 384155 342193 269143 
402512 284917 491590 417115 284813 295664 451522 452600 389968 448453 394981 459826 392948 338455 
258667 189718 261538 284225 208284 207361 254335 309717 247717 322408 285114 298993 273988 239082 
315673 215708 332519 291468 249838 271003 346035 379580 320995 363901 351599 395444 350079 270425 
256094 262436 328966 272438 244552 199482 374649 382217 318739 338900 323238 351228 308803 245469 
328865 198519 370304 348557 268031 257776 329448 343215 288135 357259 299667 369381 377937 232234 
323174 277526 370085 324605 209864 231755 367843 342143 295087 376798 286893 360998 317240 261101 
319970 301011 378938 385884 226436 244803 390691 415546 342477 364170 331063 358803 358663 276079 
386377 306468 422588 405479 254292 291749 431649 399530 367544 400471 355799 416646 393796 287218 
353046 237849 346821 297739 253422 287466 344184 325211 294847 377213 302310 394194 356745 240266 
336424 245115 360628 321005 265066 268217 414407 336026 326802 383636 297301 433474 341315 250116 
371157 273025 407582 332826 255634 307197 398781 359278 302828 397962 345634 465807 374162 318195 
301805 265770 345168 306739 206041 234408 347496 344543 280980 345431 285413 387398 299335 281846 
350747 275669 426728 381203 286324 292992 416248 427711 338398 423419 386036 460407 380128 297512 
395961 298643 431378 392835 270731 295198 424799 375830 366531 415582 348297 407840 377223 316208 
268033 227148 286705 222738 194087 209977 296214 250718 231468 294600 259445 323314 252310 261601 
356098 305019 383571 337890 239276 288226 424654 399214 349054 402522 329336 417255 340042 287721 

