----------------------------------------------
                 Case 0                    
----------------------------------------------
K:   6 M:  11 N: 13
A: 
   124    154    225     22    219    166 
    38    245    227    111     81    109 
   113    205     70     98    230    103 
   151     55    155    213     17    229 
   161    215     23    117    226    251 
   137    243     69     16     87    127 
    47    249     54    194    242    128 
   203     14    200    252     71    114 
   204      4    145     86    174    223 
    43    170    150    180     50    140 
   117    219     32    108     70     57 

B: 
    93      9    177     34     98     44    133     88     70    233    146    156    115 
   105    165    118      0     13    131    125     57     74    224    121     76    227 
    23     66    149    182    146      1    108    169     59     87    136    170    246 
   151     76    239    153    219     58     69    103    109    190    201    154    173 
   119      7    216     84    245    124    248    152     72     11     47    235    141 
    61     17    254    228     64     19     68     52    225     33    182     63    156 

C: 
 72386  47403 168371 104776 116101  57441 127160 101901  88867  95030 112265 134609 165149 
 67529  66605 141170  91245  91181  52547  95354  85085  76639 109061 112021 106134 163455 
 82095  50271 153885  74380 108363  68058 119020  83869  77627 102888 100077 120739 142202 
 71538  40864 169057 119573 103611  32817  78183  79049  99751 109202 135071 105310 142950 
 97949  53183 197827 103773 118988  74851 131961  89765 114037 120673 132470 132307 164241 
 60359  49866 118078  55928  59606  52059  87364  59044  68226 100544  89208  82480 122737 
 97658  63686 176897  90620 125695  78433 125314  90877  92272 115171 117999 130246 162864 
 78404  38924 171903 113814 129155  36552  93097  95138  85276 120258 133269 129407 147114 
 70022  23611 172965 111944 116950  40446 107542  89587  95208  86656 116038 124961 134238 
 66969  54747 139401  92422  88954  43612  77509  72244  79160 100519 111258  93418 140465 
 62727  48967 106729  45202  63435  49896  75080  52915  55921 102272  83305  77009 108486 

