----------------------------------------------
                 Case 0                    
----------------------------------------------
K:  14 M:   4 N:  4
A: 
   101    123     16      1    221    191     66    237     32    109    195     89     79    240 
    87    144    249     22    202     51    129     89    238    248    164    193    119    211 
   189    247    232     25    115    116    158     31     72    142    198     19    223    129 
    79    217    231    231    201    244     10    215    225    106    238     73     67    223 

B: 
    63    192    190    102 
   144    218    190     43 
    32    113     26    122 
     7    219    174     37 
   173     41     37     92 
   234      8     63    150 
   152    174    222     36 
   208    242     55     22 
    74     88     80    200 
    47    241    166    214 
    78    159    111     97 
   177    198    155     68 
    79    106    112     83 
   180     51    249     24 

C: 
254744 225986 215749 141162 
242941 302102 272606 223739 
204223 268481 252918 180369 
281893 319246 275654 220947 

